185.9849 332.6914 
174.0313 334.2881 
165 334.8896 
151.1128 338.3613 
137 341.8896 
149 346.8896 
161 355.8896 
170 363.8896 
145 361.8896 
170 369.8896 
140 369.8896 
165 376.8896 
126 377.8896 
160 383.8896 
130 386.8896 
165 398.8896 
125 396.8896 
161 404.8896 
129 408.8896 
163 412.8896 
121 416.8896 
162 419.8896 
121 427.8896 
163 424.8896 
166 428.8896 
129 443.8896 
165 439.8896 
169 445.8896 
128 460.8896 
171 451.8896 
135 470.8896 
174 456.8896 
142 479.8896 
175 464.8896 
144 488.8896 
180 470.8896 
149 497.8896 
184 473.8896 
167 493.8896 
188 480.8896 
158 512.8896 
194 486.8896 
184 499.8896 
198 490.8896 
168 527.8896 
204 494.8896 
185 520.8896 
210 499.8896 
192 532.8896 
216 502.8896 
221 505.8896 
202 542.8896 
225 509.8896 
214 538.8896 
231 511.8896 
223 535.8896 
237 511.8896 
242 511.8896 
235 545.8896
237 541.8896
239 537.8896
246 513.8896
249 534.8896 
253 513.8896 
252 543.8896 
257 516.8896 
258 543.8896 
264 516.8896 
267 553.8896 
269 516.8896 
276 537.8896 
274 516.8896 
285 554.8896 
281 516.8896 
287 541.8896 
286 514.8896 
295 554.8896 
292 516.8896 
297 515.8896 
305 550.8896 
304 514.8896 
310 532.8896 
311 512.8896 
315 546.8896 
315 509.8896 
320 507.8896 
322 530.8896 
327 503.8896 
331 530.8896 
331 504.8896 
340 530.8896 
339.498 527.2456 
336 501.8896 
342 498.8896 
348 523.8896 
345 497.8896 
350 493.8896 
352 517.8896 
355 488.8896 
359 513.8896 
361 482.8896 
368 507.8896 
367 478.8896 
372 494.8896 
372 474.8896 
376 467.8896 
380 485.8896 
380 463.8896 
388 476.8896 
385 458.8896 
392 474.8896 
387 448.8896 
395 471.8896 
395 437.8896 
397 432.8896 
400 464.8896 
399 424.8896 
401 415.8896 
404 407.8896 
408 399.8896 
412 390.8896 
431 379.8896 
445 368.8896 
455.7393 358.6875 
465 349.8896 
468 345.8896 
472 349.8896 
479 350.8896 
482 345.8896 
482 337.8896 
480 334.8896 
476 331.8896 
469 330.8896 
461 330.8896 
452 330.8896 
441 331.8896 
432 332.8896 
425 336.8896 
418 341.8896 
414 348.8896 
413 344.8896 
414 341.8896 
415 337.8896 
418 336.8896 
421 333.8896 
415 332.8896 
407 332.8896 
401 336.8896 
395 340.8896 
391 340.8896 
385 339.8896 
385 336.8896 
388 329.8896 
389 322.8896 
389 317.8896 
382 317.8896 
379 322.8896 
378 319.8896 
374 319.8896 
370 322.8896 
369 319.8896 
364 319.8896 
357 325.8896 
355 328.8896 
349 335.8896 
345 331.8896 
336 330.8896 
324 326.8896 
313 325.8896 
295 324.8896 
282 324.8896 
267 324.8896 
254 326.8896 
243 327.8896 
234 327.8896 
240 321.8896 
242 317.8896 
237 315.8896 
229 321.8896 
231 316.8896 
224 315.8896 
218 322.8896 
218 316.8896 
210 316.8896 
205 321.8896 
201 326.8896 
195 332.8896 
