  4.4983900e+000  9.0103500e+000
  4.4774993e+000  8.9337225e+000
  4.4814960e+000  8.8600765e+000
  4.4982098e+000  8.7828012e+000
  4.5343750e+000  8.7081122e+000
  4.5248587e+000  8.6288387e+000
  4.4510903e+000  8.5907051e+000
  4.4305780e+000  8.5324493e+000
  4.5018350e+000  8.5740616e+000
  4.5825184e+000  8.5902565e+000
  4.6211481e+000  8.5192032e+000
  4.6446860e+000  8.4394498e+000
  4.6598725e+000  8.3613054e+000
  4.6423850e+000  8.2822198e+000
  4.5895157e+000  8.2206982e+000
  4.5488287e+000  8.1512412e+000
  4.4859210e+000  8.0980606e+000
  4.4217541e+000  8.0457142e+000
  4.4074102e+000  7.9846800e+000
  4.4849001e+000  8.0018376e+000
  4.5543112e+000  8.0476370e+000
  4.6347551e+000  8.0623550e+000
  4.6894606e+000  8.0162309e+000
  4.7023950e+000  7.9360682e+000
  4.6854936e+000  7.8555929e+000
  4.6684075e+000  7.7743541e+000
  4.6385388e+000  7.6972152e+000
  4.5886190e+000  7.6306358e+000
  4.5335117e+000  7.5686317e+000
  4.4881358e+000  7.5000854e+000
  4.4595891e+000  7.4243100e+000
  4.4760854e+000  7.4040404e+000
  4.5349275e+000  7.4628825e+000
  4.5871798e+000  7.5271288e+000
  4.6547763e+000  7.5734523e+000
  4.7302720e+000  7.5584355e+000
  4.7862656e+000  7.4985773e+000
  4.8064625e+000  7.4181492e+000
  4.8073889e+000  7.3408750e+000
  4.7868596e+000  7.2605297e+000
  4.7539700e+000  7.1843262e+000
  4.7153880e+000  7.1108735e+000
  4.6734874e+000  7.0397908e+000
  4.6217637e+000  6.9746096e+000
  4.5944467e+000  6.9103963e+000
  4.6632199e+000  6.9567601e+000
  4.7354614e+000  6.9973867e+000
  4.8162589e+000  7.0003962e+000
  4.8893986e+000  6.9616757e+000
  4.9185496e+000  6.8850289e+000
  4.9303262e+000  6.8026511e+000
  4.9186337e+000  6.7202738e+000
  4.9142104e+000  6.6380571e+000
  4.8770088e+000  6.5636203e+000
  4.8359816e+000  6.4919402e+000
  4.7821847e+000  6.4287228e+000
  4.7429845e+000  6.3555186e+000
  4.7057601e+000  6.2810932e+000
  4.7673992e+000  6.3128610e+000
  4.8475959e+000  6.3160553e+000
  4.9289506e+000  6.2986487e+000
  5.0056366e+000  6.2675474e+000
  5.0846658e+000  6.2435254e+000
  5.1527638e+000  6.1959689e+000
  5.2110080e+000  6.1365928e+000
  5.2612204e+000  6.0704077e+000
  5.3024697e+000  5.9981407e+000
  5.3284462e+000  5.9190903e+000
  5.3508162e+000  5.8389786e+000
  5.3611462e+000  5.7564069e+000
  5.3624000e+000  5.6732697e+000
  5.3069305e+000  5.6741287e+000
  5.2376548e+000  5.7189401e+000
  5.1769896e+000  5.7757454e+000
  5.1181475e+000  5.8345875e+000
  5.0593054e+000  5.8934296e+000
  4.9965189e+000  5.9478662e+000
  4.9214672e+000  5.9813327e+000
  4.8397440e+000  5.9958811e+000
  4.7759443e+000  5.9519288e+000
  4.7268783e+000  5.8850734e+000
  4.6905012e+000  5.8105362e+000
  4.6599603e+000  5.7331495e+000
  4.6382613e+000  5.6533813e+000
  4.6249697e+000  5.5714136e+000
  4.6044644e+000  5.4909181e+000
  4.5941002e+000  5.4083510e+000
  4.5822404e+000  5.3260058e+000
  4.5717927e+000  5.2515848e+000
  4.5912342e+000  5.1728607e+000
  4.5902171e+000  5.0916263e+000
  4.6091036e+000  5.0107647e+000
  4.6340262e+000  4.9313898e+000
  4.6517364e+000  4.8503076e+000
  4.6844029e+000  4.7744009e+000
  4.7262618e+000  4.7025173e+000
  4.7873596e+000  4.6465763e+000
  4.8587138e+000  4.6329616e+000
  4.9300724e+000  4.6757721e+000
  5.0014311e+000  4.7185825e+000
  5.0727897e+000  4.7613929e+000
  5.1441484e+000  4.8042034e+000
  5.2155070e+000  4.8470138e+000
  5.2868657e+000  4.8898242e+000
  5.3582243e+000  4.9326347e+000
  5.4295830e+000  4.9754451e+000
  5.4649835e+000  4.9069822e+000
  5.4605781e+000  4.8255813e+000
  5.4419321e+000  4.7445504e+000
  5.4343750e+000  4.6622663e+000
  5.4126007e+000  4.5856327e+000
  5.3722059e+000  4.5130478e+000
  5.3132954e+000  4.4558195e+000
  5.2471499e+000  4.4071099e+000
  5.1883077e+000  4.3482677e+000
  5.2280263e+000  4.3246045e+000
  5.3027158e+000  4.3019493e+000
  5.3263650e+000  4.2266057e+000
  5.3178922e+000  4.1453883e+000
  5.2681021e+000  4.0800193e+000
  5.2210607e+000  4.0117330e+000
  5.1838752e+000  3.9372882e+000
  5.2518247e+000  3.8946709e+000
  5.2664050e+000  3.8199122e+000
  5.2355094e+000  3.7509108e+000
  5.1737532e+000  3.6993599e+000
  5.1970381e+000  3.6244137e+000
  5.2423850e+000  3.5567864e+000
  5.2348771e+000  3.4753470e+000
  5.2011776e+000  3.3993412e+000
  5.1794305e+000  3.3275960e+000
  5.2292892e+000  3.2655978e+000
  5.2276366e+000  3.1875915e+000
  5.1826269e+000  3.1187739e+000
  5.1903573e+000  3.0584000e+000
  5.2408829e+000  3.0096347e+000
  5.2495751e+000  2.9286565e+000
  5.2279080e+000  2.8493701e+000
  5.1925649e+000  2.7740720e+000
  5.1973718e+000  2.7223650e+000
  5.2693980e+000  2.6953520e+000
  5.2613151e+000  2.6179815e+000
  5.2436498e+000  2.5366845e+000
  5.2927467e+000  2.4728614e+000
  5.2980901e+000  2.3930981e+000
  5.2673626e+000  2.3162701e+000
  5.2773522e+000  2.2346315e+000
  5.3214366e+000  2.1816400e+000
  5.3258226e+000  2.1005188e+000
  5.3674510e+000  2.0308040e+000
  5.4019140e+000  1.9558457e+000
  5.3993471e+000  1.8751009e+000
  5.4585888e+000  1.8208562e+000
  5.4689188e+000  1.7382845e+000
  5.4704100e+000  1.6551621e+000
  5.5160023e+000  1.5938376e+000
  5.5543950e+000  1.5248114e+000
  5.5495168e+000  1.4430732e+000
  5.5790696e+000  1.4143550e+000
  5.6354300e+000  1.3631746e+000
  5.6591131e+000  1.2834640e+000
  5.6844565e+000  1.2042373e+000
  5.7157570e+000  1.1412003e+000
  5.7322963e+000  1.0634623e+000
  5.8017020e+000  1.0255405e+000
  5.8737307e+000  9.8702051e-001
  5.9023950e+000  9.1569117e-001
  5.9640430e+000  8.7726334e-001
  6.0042114e+000  8.0893317e-001
  6.0388472e+000  7.3343566e-001
  6.1054706e+000  6.9433500e-001
  6.1391062e+000  6.4856627e-001
  6.1696450e+000  5.8925461e-001
  6.2485813e+000  5.8693366e-001
  6.2893993e+000  5.1740740e-001
  6.3335078e+000  4.5160960e-001
  6.4142339e+000  4.5336154e-001
  6.4449615e+000  3.8232500e-001
  6.5274685e+000  3.8668494e-001
  6.6052610e+000  3.7288932e-001
  6.6582329e+000  3.2236500e-001
  6.7414482e+000  3.2236500e-001
  6.8141137e+000  2.8659445e-001
  6.8684267e+000  2.7540530e-001
  6.9375274e+000  3.1940753e-001
  7.0077993e+000  2.8497073e-001
  7.0666792e+000  2.9863359e-001
  7.1422011e+000  3.2236500e-001
  7.2091616e+000  3.3197781e-001
  7.2869908e+000  3.5840000e-001
  7.3695717e+000  3.6050248e-001
  7.4143550e+000  4.2329490e-001
  7.4782706e+000  4.4367360e-001
  7.5497896e+000  4.8342660e-001
  7.5963679e+000  5.5232303e-001
  7.6552080e+000  6.1116720e-001
  7.7239147e+000  6.4010163e-001
  7.6911797e+000  7.1660789e-001
  7.7355129e+000  7.8602667e-001
  7.7383800e+000  8.6837436e-001
  7.7546409e+000  9.4824848e-001
  7.7977960e+000  1.0177160e+000
  7.7616272e+000  1.0911028e+000
  7.7329164e+000  1.1590621e+000
  7.7167069e+000  1.2368627e+000
  7.6666403e+000  1.3021887e+000
  7.6053736e+000  1.3573396e+000
  7.5940949e+000  1.4386067e+000
  7.5180827e+000  1.4624000e+000
  7.4549521e+000  1.5020640e+000
  7.3756480e+000  1.5223650e+000
  7.2943830e+000  1.5103500e+000
  7.2174406e+000  1.5110432e+000
  7.1392524e+000  1.4865044e+000
  7.0619298e+000  1.4557869e+000
  6.9827705e+000  1.4312484e+000
  6.9117280e+000  1.3913270e+000
  6.8573085e+000  1.3296540e+000
  6.8343849e+000  1.2503319e+000
  6.8240737e+000  1.1677579e+000
  6.8092189e+000  1.0903300e+000
  6.8209220e+000  1.0162193e+000
  6.8484262e+000  9.4136192e-001
  6.9247231e+000  9.0877818e-001
  6.9974980e+000  8.6931627e-001
  7.0753892e+000  8.7634175e-001
  7.0904300e+000  8.2116990e-001
  7.1665476e+000  8.2092306e-001
  7.2025707e+000  8.6131508e-001
  7.1801414e+000  9.4122200e-001
  7.1503054e+000  1.0188669e+000
  7.1383800e+000  1.1010940e+000
  7.1450417e+000  1.1836487e+000
  7.1766771e+000  1.2584000e+000
  7.2591989e+000  1.2541275e+000
  7.3383128e+000  1.2343750e+000
  7.3983457e+000  1.1784104e+000
  7.4504915e+000  1.1138481e+000
  7.4522933e+000  1.0342016e+000
  7.4150489e+000  9.5978633e-001
  7.3648725e+000  8.9344454e-001
  7.3178304e+000  8.2530812e-001
  7.2850208e+000  7.4890172e-001
  7.2069151e+000  7.4009416e-001
  7.1376839e+000  6.9392239e-001
  7.0684527e+000  6.4775063e-001
  6.9871305e+000  6.5840000e-001
  6.9039152e+000  6.5840000e-001
  6.8206998e+000  6.5840000e-001
  6.7417757e+000  6.7664587e-001
  6.6776262e+000  7.2842336e-001
  6.6112064e+000  7.7756364e-001
  6.5523642e+000  8.3640576e-001
  6.4987593e+000  8.9993450e-001
  6.4410066e+000  9.5975029e-001
  6.3835747e+000  1.0198539e+000
  6.3296304e+000  1.0830821e+000
  6.2671915e+000  1.1377766e+000
  6.2178863e+000  1.2033059e+000
  6.1807039e+000  1.2777523e+000
  6.1536047e+000  1.3559226e+000
  6.1309752e+000  1.4353548e+000
  6.0918891e+000  1.5063542e+000
  6.0803132e+000  1.5886395e+000
  6.0539763e+000  1.6675772e+000
  6.0347617e+000  1.7484079e+000
  6.0201580e+000  1.8302730e+000
  6.0109957e+000  1.9129824e+000
  5.9890424e+000  1.9931761e+000
  5.9864250e+000  2.0760251e+000
  5.9785520e+000  2.1579612e+000
  5.9624000e+000  2.2385519e+000
  5.9624000e+000  2.3217672e+000
  5.9624000e+000  2.4049826e+000
  5.9705568e+000  2.4877694e+000
  5.9792760e+000  2.5705267e+000
  5.9872538e+000  2.6533435e+000
  5.9918560e+000  2.7364315e+000
  5.9964583e+000  2.8195194e+000
  6.0012278e+000  2.9025978e+000
  6.0061183e+000  2.9856693e+000
  6.0117992e+000  3.0686638e+000
  6.0230396e+000  3.1511165e+000
  6.0342799e+000  3.2335692e+000
  6.0455203e+000  3.3160219e+000
  6.0577908e+000  3.3983270e+000
  6.0701473e+000  3.4806198e+000
  6.0824481e+000  3.5629182e+000
  6.0865917e+000  3.6460303e+000
  6.0907354e+000  3.7291424e+000
  6.0938363e+000  3.8122516e+000
  6.0892341e+000  3.8953396e+000
  6.0846318e+000  3.9784275e+000
  6.0868112e+000  4.0486852e+000
  6.0761711e+000  4.1287751e+000
  6.1216865e+000  4.1948326e+000
  6.1799713e+000  4.2525785e+000
  6.1549908e+000  4.3099555e+000
  6.1423850e+000  4.3807451e+000
  6.1629543e+000  4.4589315e+000
  6.2319888e+000  4.5027401e+000
  6.3076082e+000  4.4891218e+000
  6.3354008e+000  4.5368513e+000
  6.3584000e+000  4.6156364e+000
  6.3418582e+000  4.6956635e+000
  6.3760978e+000  4.7592057e+000
  6.4548269e+000  4.7516823e+000
  6.4333942e+000  4.8193408e+000
  6.4320708e+000  4.8968860e+000
  6.4847964e+000  4.9607397e+000
  6.5526788e+000  5.0071106e+000
  6.6224461e+000  5.0504261e+000
  6.6109050e+000  5.1216060e+000
  6.6002162e+000  5.1841512e+000
  6.6450771e+000  5.2530574e+000
  6.7128230e+000  5.2995707e+000
  6.7685310e+000  5.3405015e+000
  6.7543950e+000  5.3996918e+000
  6.7615673e+000  5.4821959e+000
  6.7806277e+000  5.5631788e+000
  6.8326868e+000  5.6093966e+000
  6.8983900e+000  5.6481991e+000
  6.8983900e+000  5.7314144e+000
  6.8864250e+000  5.8131595e+000
  6.9016239e+000  5.8935652e+000
  6.9464934e+000  5.9624708e+000
  7.0177771e+000  6.0040536e+000
  7.0664050e+000  6.0295253e+000
  7.0260344e+000  6.0986836e+000
  6.9881206e+000  6.1589360e+000
  7.0305783e+000  6.2265382e+000
  7.0809777e+000  6.2914671e+000
  7.0387453e+000  6.3447730e+000
  6.9895067e+000  6.4090317e+000
  6.9811410e+000  6.4865202e+000
  7.0297360e+000  6.5484641e+000
  6.9760926e+000  6.6075093e+000
  6.9073786e+000  6.6523978e+000
  6.8993849e+000  6.7333281e+000
  6.9408545e+000  6.8033005e+000
  6.9169706e+000  6.8530628e+000
  6.8514361e+000  6.8962745e+000
  6.7932107e+000  6.9555641e+000
  6.7822530e+000  7.0260758e+000
  6.8194494e+000  7.1005152e+000
  6.7586212e+000  7.1143550e+000
  6.6804311e+000  7.1396797e+000
  6.6274495e+000  7.2001905e+000
  6.5914741e+000  7.2741044e+000
  6.5864250e+000  7.3567000e+000
  6.5864250e+000  7.4399153e+000
  6.5136594e+000  7.4503650e+000
  6.4355001e+000  7.4718026e+000
  6.3647105e+000  7.5097546e+000
  6.3500576e+000  7.5860573e+000
  6.2740131e+000  7.6198511e+000
  6.1979685e+000  7.6536449e+000
  6.1219240e+000  7.6874387e+000
  6.0458795e+000  7.7212325e+000
  5.9726378e+000  7.7606460e+000
  5.9033759e+000  7.8060627e+000
  5.8401979e+000  7.8602228e+000
  5.7770198e+000  7.9143830e+000
  5.7231937e+000  7.9773030e+000
  5.6757717e+000  8.0455027e+000
  5.6353293e+000  8.1182296e+000
  5.6023280e+000  8.1944941e+000
  5.5605812e+000  8.2661194e+000
  5.5187036e+000  8.3376685e+000
  5.4723575e+000  8.4064612e+000
  5.4481857e+000  8.4853664e+000
  5.4576832e+000  8.5501121e+000
  5.5326843e+000  8.5268736e+000
  5.5788444e+000  8.4576346e+000
  5.6250045e+000  8.3883957e+000
  5.6800181e+000  8.3259897e+000
  5.7393873e+000  8.2688910e+000
  5.8121357e+000  8.2284872e+000
  5.8873538e+000  8.1930362e+000
  5.9657574e+000  8.1703600e+000
  6.0489727e+000  8.1703600e+000
  6.1318225e+000  8.1776949e+000
  6.2140990e+000  8.1894876e+000
  6.2956975e+000  8.2058114e+000
  6.3740143e+000  8.2338511e+000
  6.4511645e+000  8.2647423e+000
  6.5255946e+000  8.3019573e+000
  6.6009097e+000  8.3373171e+000
  6.6766669e+000  8.3717501e+000
  6.7483552e+000  8.4139316e+000
  6.8207777e+000  8.4547151e+000
  6.8965351e+000  8.4891476e+000
  6.9722926e+000  8.5235800e+000
  7.0480501e+000  8.5580125e+000
  7.1249469e+000  8.5897771e+000
  7.2022079e+000  8.6206886e+000
  7.2794689e+000  8.6516001e+000
  7.3595591e+000  8.6729955e+000
  7.4412473e+000  8.6838793e+000
  7.5233324e+000  8.6702111e+000
  7.6033556e+000  8.6491680e+000
  7.6787688e+000  8.6141455e+000
  7.7506180e+000  8.5722317e+000
  7.8209687e+000  8.5284210e+000
  7.8954183e+000  8.4958390e+000
  7.9370596e+000  8.5677053e+000
  7.9875286e+000  8.6325792e+000
  8.0247323e+000  8.7070150e+000
  8.0566585e+000  8.7834031e+000
  8.0740931e+000  8.8647520e+000
  8.0986486e+000  8.9426772e+000
  8.1465863e+000  9.0106604e+000
  8.1801910e+000  9.0854514e+000
  8.2138300e+000  9.1602402e+000
  8.2270176e+000  9.2383550e+000
  8.1466068e+000  9.2264646e+000
  8.0806504e+000  9.1788191e+000
  8.0369181e+000  9.1084171e+000
  7.9924471e+000  9.0397059e+000
  7.9248527e+000  8.9912213e+000
  7.8471153e+000  8.9625980e+000
  7.7681732e+000  8.9362742e+000
  7.6886560e+000  8.9123861e+000
  7.6061542e+000  8.9023450e+000
  7.5229389e+000  8.9023450e+000
  7.4397235e+000  8.9023450e+000
  7.3568063e+000  8.9059468e+000
  7.2765824e+000  8.9262690e+000
  7.2051230e+000  8.9675838e+000
  7.1462911e+000  9.0264362e+000
  7.1061948e+000  9.0987842e+000
  7.0787946e+000  9.1768478e+000
  7.0486320e+000  9.2485128e+000
  6.9758242e+000  9.2885525e+000
  6.8962546e+000  9.3121178e+000
  6.8136816e+000  9.3224373e+000
  6.7311086e+000  9.3327568e+000
  6.6479924e+000  9.3343500e+000
  6.5647771e+000  9.3343500e+000
  6.4832584e+000  9.3481311e+000
  6.4028824e+000  9.3696385e+000
  6.3225510e+000  9.3913123e+000
  6.2439825e+000  9.4168757e+000
  6.1720126e+000  9.4586174e+000
  6.1026189e+000  9.5045268e+000
  6.0303596e+000  9.5457988e+000
  5.9607927e+000  9.5914275e+000
  5.8960716e+000  9.6436379e+000
  5.8282949e+000  9.6917552e+000
  5.7569883e+000  9.7345694e+000
  5.6863085e+000  9.7783969e+000
  5.6170817e+000  9.8245753e+000
  5.5465164e+000  9.8685881e+000
  5.4730792e+000  9.9074939e+000
  5.3978975e+000  9.9426827e+000
  5.3270387e+000  9.9851855e+000
  5.2463083e+000  1.0005369e+001
  5.1662597e+000  1.0028099e+001
  5.0856008e+000  1.0048550e+001
  5.0047684e+000  1.0068280e+001
  4.9235011e+000  1.0086075e+001
  4.8420040e+000  1.0102370e+001
  4.7587887e+000  1.0102370e+001
  4.6788047e+000  1.0082484e+001
  4.7344536e+000  1.0061332e+001
  4.8147146e+000  1.0039395e+001
  4.8962749e+000  1.0024117e+001
  4.9761584e+000  1.0003878e+001
  5.0538537e+000  9.9744994e+000
  5.1328354e+000  9.9487371e+000
  5.2084969e+000  9.9143001e+000
  5.2807459e+000  9.8730100e+000
  5.3529949e+000  9.8317200e+000
  5.3864250e+000  9.7596391e+000
  5.3781954e+000  9.6772392e+000
  5.3401944e+000  9.6090771e+000
  5.2576202e+000  9.5987677e+000
  5.1744299e+000  9.5983650e+000
  5.0912146e+000  9.5983650e+000
  5.0099824e+000  9.6144740e+000
  4.9281298e+000  9.6286501e+000
  4.8455569e+000  9.6389699e+000
  4.7628015e+000  9.6463600e+000
  4.6795862e+000  9.6463600e+000
  4.5963709e+000  9.6463600e+000
  4.6135957e+000  9.6031617e+000
  4.6956448e+000  9.6086108e+000
  4.7756513e+000  9.5859422e+000
  4.8555934e+000  9.5630558e+000
  4.9372476e+000  9.5503650e+000
  4.9940343e+000  9.4975096e+000
  5.0439616e+000  9.4309359e+000
  5.0689178e+000  9.3542727e+000
  5.0620856e+000  9.2734030e+000
  5.0090129e+000  9.2176521e+000
  4.9308765e+000  9.1904591e+000
  4.8499447e+000  9.1711286e+000
  4.7686073e+000  9.1537006e+000
  4.6858996e+000  9.1445232e+000
  4.6068558e+000  9.1200217e+000
  4.5363796e+000  9.0780039e+000
  4.5173401e+000  9.0223650e+000
  4.6005555e+000  9.0223650e+000
  4.6837708e+000  9.0223650e+000
  4.7617988e+000  9.0051178e+000
  4.7862986e+000  8.9259834e+000
  4.7779367e+000  8.8471970e+000
  4.7403690e+000  8.7732183e+000
  4.6783697e+000  8.7453019e+000
  4.6306555e+000  8.8114318e+000
  4.5953980e+000  8.8856138e+000
  4.5604603e+000  8.9566247e+000
